010011101011000
010011100111000
010010111011110
010010110000110
010010110011000
010010110011001
010010011111010
010010010111100
010010000111001
010001110000011
010001001101001
010000110011011
010000101001100
010000100101111
001111110011011
001110110001101
001110110011111
001101111011000
001101000000011
001100111000111
001100110100000
001100100011101
001100010111110
001100001001111
001011111011110
001011010010101
001011001000101
001011000001111
001001011110111
001001011111001
001000110011001
001000101110111
001000011110000
001000010011000
000111111111011
000111101111010
000111101111110
000111001101110
000110110000000
000110011000100
000110011001110
000101011101011
000101010100011
000101001111011
000101000011110
000100111010000
000100100001111
000100011101010
000100010011110
000011111001001
000011110001110
000011100010001
000011011001100
000011011010001
000010111010001
000010110001011
000010101010110
000010011101101
000001011011010
000001010001010
000001000000001
000000110100001
000000110001100
000000011001110
110011110100011
110011000100000
110011000000000
110010111101011
110010111010111
110010110110001
110010010001000
110001111011011
110001101011111
110001100101001
110001010000110
110001001010001
101111111101111
101111100101001
101110111111110
101110101001101
101110000000000
101101110111101
101101101101010
101101101011101
101101001001010
101101000100110
101100111010111
101100001101011
101100001110011
101011111000101
101011100001011
101011010001100
101010111110011
101010111011100
101010100000101
101010001010011
101010000101000
101001111101000
101001111110111
101001111111100
101001101100000
101000111010101
101000111011100
101000111011110
101000010110100
100111101111111
100111100111001
100111011001001
100111010110101
100110111111110
100110101100111
100110011100110
100110001100111
100101110101101
100101011010010
100101010110111
100101010001111
100101001010100
100100111110010
100011111100010
100011111110110
100011101111101
100011011000010
100011011011010
100011000000001
100010111010111
100010101110011
100010100101110
100001101011100
100001100101111
100001100000001
100001001100101
100000010110001
100000010001000
