010011101010101
010011100110101
010010111011111
010010110000111
010010110010100
010010110010101
010010011110011
010010011000001
010010000110100
010001110001010
010001001100100
010000110100010
010000101010001
010000100101110
001111110100010
001110110010000
001110110011110
001101111010101
001101000001010
001100111000110
001100110011101
001100100100000
001100010111111
001100001001110
001011111011111
001011010011000
001011001001000
001011000001110
001001011110100
001001011110110
001000110010100
001000101110110
001000011101101
001000010010101
001000000000010
000111101110011
000111101111111
000111001101111
000110101111101
000110011001001
000110011001111
000101011110010
000101010101010
000101010000010
000101000011111
000100111001101
000100100001110
000100011100011
000100010011111
000011111000100
000011110001111
000011100001100
000011011001100
000011011010001
000010111001100
000010110010010
000010101010111
000010011110000
000001011010011
000001010000011
000000111111100
000000110010001
000000110011100
000000011001111
110011110101010
110011000011101
110010111110010
110010111111101
110010111010110
110010110101100
110010010000101
110001111100010
110001101011110
110001100100100
110001010000111
110001001001100
101111111101110
101111100100100
101110111111111
101110101010000
101101111111101
101101111000000
101101101100000
101101101100011
101101001000011
101101000100111
101100111010110
101100001110010
101100001111010
101011111001000
101011100010010
101011010010001
101010111100001
101010111111010
101010100001000
101010001011010
101010000100101
101010000000001
101001111100101
101001111110110
101001101011101
101000111100001
101000111011000
101000111011111
101000010111001
100111101111110
100111100110100
100111011000100
100111010111000
100110111111111
100110101100110
100110011100111
100110001100110
100101110110000
100101011001011
100101010110110
100101010001110
100101001011001
100100111101011
100011111110111
100011111011011
100011110000000
100011011010011
100011010111011
100010111111100
100010111010110
100010101111010
100010100101111
100001101100001
100001100101110
100001011111100
100001001101000
100000010101100
100000010000101
