010011101000010
010011010010000
010010111111011
010010101100011
010010100000011
010010100001010
010010011011000
010010001110101
010001111010001
010001011011010
010001000100000
010001000101010
010000000010110
001111101010000
001111010111110
001101110100110
001101100010001
001101010101011
001101010011001
001101001001000
001100101101010
001100100100101
001100011011100
001100010011011
001100001001001
001100000101101
001100000110000
001011110100101
001011110111101
001011001011001
001011001011101
001010111001101
001010110001100
001010100000011
001010011100110
001010010110101
001001110010111
001001101010100
001001001101100
001000100000111
001000000011111
000111111011001
000111011111110
000111011000011
000111010100011
000111001101110
000111001111100
000111001000110
000110111110110
000110001010111
000101000110011
000100110110010
000100101111000
000100011101110
000100011110011
000100011111000
000100011111011
000100011011001
000100010000001
000100001000010
000011001101000
000011001101110
000011000100000
000010101010101
000010010010011
000010001011011
000010000100110
000010000110110
000001100100010
000001000101111
000000000111100
110011101111001
110011011110011
110011011110110
110011010101110
110011000111010
110010100000010
110010010100010
110010010101010
110010010000111
110001101001000
110001100101001
110001100000011
110001010001000
110000010111010
101111101101111
101111010011011
101111000000101
101110110100101
101101101101110
101101101001000
101101010101000
101100111111101
101100010010111
101011111000010
101011101001111
101011011000010
101011001101011
101011001111100
101010101111000
101010100001010
101010001100000
101001111010010
101001011011001
101001010100101
101001010001110
101000110111111
101000011001000
100111110101101
100111110011000
100111101110001
100111100001010
100111011100010
100111000011100
100110111000011
100110010000101
100110010010011
100101111110001
100101101110111
100101100101000
100101011100010
100101011101011
100101001011010
100100110101011
100100101111101
100100010100011
100100001100100
100100001101000
100011011001110
100011010100110
100011010000001
100011001001110
100010111010010
100010101101101
100010100101110
100010100011010
100010011100001
100010010000111
100001100101010
100000100100111
100000100111001
100000001110000
